 1128.791   -93.860038    2.7399866   -96.600024 
1172.2146   -93.859582    2.8453914   -96.704973 
1156.6987   -93.859201    2.8077288    -96.66693 
1208.7071   -93.860357    2.9339722   -96.794329 
1167.4522   -93.859108    2.8338314   -96.692939 
1185.2419   -93.859882    2.8770136   -96.736895 
1225.3484   -93.860411    2.9743664   -96.834778 
1151.8831   -93.860005    2.7960395   -96.656044 
1216.8701   -93.859481    2.9537867   -96.813267 
1150.8912   -93.859421    2.7936319   -96.653053 
1155.3653   -93.859398     2.804492    -96.66389 
1204.8511   -93.860016    2.9246121   -96.784628 
1205.6554   -93.860402    2.9265645   -96.786967 
1175.8474   -93.859951    2.8542095    -96.71416 
1186.0157   -93.860005    2.8788917   -96.738897 
1165.9684   -93.860091    2.8302296   -96.690321 
1225.0457   -93.860557    2.9736317   -96.834188 
1149.8661   -93.859412    2.7911436   -96.650555 
1222.6314   -93.860282    2.9677714   -96.828054 
1135.2548   -93.859964    2.7556767   -96.615641 
1203.6508   -93.860497    2.9216986   -96.782195 
1152.4594   -93.860108    2.7974383   -96.657546 
1181.9345   -93.859763    2.8689851   -96.728748 
1147.0619   -93.860432    2.7843366   -96.644769 
1192.9626   -93.860744    2.8957544   -96.756499 
1156.2569   -93.860201    2.8066564   -96.666857 
1173.2767   -93.860061    2.8479696   -96.708031 
1201.1912   -93.860557    2.9157283   -96.776285 
1135.8682   -93.860638    2.7571654   -96.617804 
1137.7687   -93.859888    2.7617788   -96.621667 
1166.4151   -93.860282    2.8313139   -96.691596 
1207.2766   -93.860097    2.9304996   -96.790597 
 1147.768   -93.860637    2.7860507   -96.646688 
1201.2249   -93.859878    2.9158101   -96.775689 
1185.0959   -93.860167    2.8766592   -96.736826 
1167.3632   -93.860345    2.8336154    -96.69396 
1134.1835    -93.86029    2.7530762   -96.613366 
1169.6151   -93.860856    2.8390816   -96.699938 
1205.3238   -93.860154    2.9257596   -96.785913 
1134.4373   -93.859901    2.7536921   -96.613593 
1110.1548   -93.860482    2.6947497   -96.555231 
1114.5998   -93.859464    2.7055393   -96.565003 
1137.0489   -93.860611    2.7600314   -96.620643 
1155.7128   -93.859526    2.8053357   -96.664862 
1149.2257    -93.86008    2.7895891   -96.649669 
1198.3858   -93.860291    2.9089184   -96.769209 
1169.6264   -93.860469    2.8391091   -96.699578 
1159.7098   -93.860416    2.8150378   -96.675454 
1203.0771   -93.860693     2.920306   -96.780999 
1176.8091   -93.860507    2.8565441   -96.717051 
1126.3777   -93.860081    2.7341287    -96.59421 
1151.7139   -93.860249    2.7956289   -96.655877 
1150.7722   -93.860113    2.7933431   -96.653456 
1153.4106   -93.859877    2.7997473   -96.659624 
1060.2681   -93.859671    2.5736565   -96.433327 
1193.1621    -93.86059    2.8962388   -96.756828 
1145.3637   -93.860548    2.7802145   -96.640762 
1144.0827   -93.859848    2.7771052   -96.636953 
1163.2144   -93.859721    2.8235447   -96.683266 
1162.4874   -93.859308      2.82178   -96.681088 
1126.5846   -93.859448    2.7346308   -96.594079 
1186.3189   -93.859261    2.8796276   -96.738889 
1167.4223    -93.85904    2.8337588   -96.692799 
1160.9178   -93.859484      2.81797   -96.677454 
1150.2618   -93.859774    2.7921039   -96.651878 
1217.5187   -93.860371     2.955361   -96.815732 
 1154.499   -93.859541    2.8023894    -96.66193 
1113.2926   -93.858404    2.7023663    -96.56077 
1103.7963   -93.859222    2.6793155   -96.538537 
1192.2604    -93.85957      2.89405    -96.75362 
1117.9098   -93.859513     2.713574   -96.573087 
1235.4567     -93.8591     2.998903   -96.858003 
 1145.301   -93.859206    2.7800624   -96.639269 
1193.9579   -93.858463    2.8981703   -96.756634 
1200.5768   -93.860394    2.9142369   -96.774631 
1184.0386   -93.859283    2.8740927   -96.733376 
1155.0271   -93.859421    2.8036713   -96.663092 
1172.5371   -93.858706    2.8461743    -96.70488 
1147.3813    -93.85837    2.7851119   -96.643482 
1196.9188   -93.858406    2.9053576   -96.763763 
 1186.836   -93.859049     2.880883   -96.739932 
1197.3413   -93.859087    2.9063832    -96.76547 
1169.1025   -93.859431    2.8378372   -96.697268 
1145.8575   -93.859033    2.7814133   -96.640447 
1204.3453   -93.859685    2.9233843    -96.78307 
1151.1621   -93.858745    2.7942893   -96.653035 
1197.3547   -93.859015    2.9064156    -96.76543 
1138.2872   -93.859323    2.7630373    -96.62236 
1110.4023   -93.859269    2.6953504   -96.554619 
1168.2875   -93.859464    2.8358589   -96.695322 
1144.9666   -93.859632    2.7792506   -96.638882 
1164.2539   -93.858774    2.8260679   -96.684842 
1184.9595   -93.859078    2.8763281   -96.735406 
1092.2424   -93.859187    2.6512699   -96.510457 
1197.9113   -93.859406    2.9077668   -96.767173 
1138.7738   -93.859075    2.7642185   -96.623294 
1146.7822   -93.858459    2.7836577   -96.642116 
1188.1781   -93.859465    2.8841407   -96.743606 
1151.2311   -93.859658     2.794457   -96.654115 
1116.6357   -93.859636    2.7104812   -96.570117 
1166.6313   -93.859369    2.8318387   -96.691208 
1139.8854   -93.859746    2.7669167   -96.626663 
1227.1234    -93.85934    2.9786752   -96.838015 
1181.8706   -93.859504      2.86883   -96.728334 
1185.8651   -93.858856    2.8785262   -96.737382 
1167.5502   -93.859948    2.8340692   -96.694017 
1172.7176   -93.859344    2.8466124   -96.705956 
1160.3156   -93.859146    2.8165083   -96.675654 
1132.5837   -93.858731    2.7491928   -96.607924 
1149.8883   -93.859155    2.7911975   -96.650352 
1175.2761   -93.859541    2.8528229   -96.712364 
1175.1951   -93.859627    2.8526262   -96.712253 
 1135.218   -93.859984    2.7555872   -96.615571 
1186.2128   -93.858719    2.8793702    -96.73809 
1168.0716   -93.859322    2.8353349   -96.694657 
1189.5056   -93.860536     2.887363   -96.747899 
1163.9582   -93.859855    2.8253503   -96.685206 
1134.0902   -93.859489    2.7528497   -96.612339 
1176.2547   -93.860189    2.8551982   -96.715387 
1175.6756   -93.860252    2.8537925   -96.714045 
 1207.099   -93.859587    2.9300686   -96.789656 
1163.8912    -93.85921    2.8251875   -96.684398 
1176.1112   -93.858922    2.8548498   -96.713772 
1198.8413   -93.860043    2.9100243   -96.770067 
1162.3994   -93.860155    2.8215664   -96.681721 
1125.6307   -93.858833    2.7323154   -96.591149 
1124.2276    -93.85942    2.7289096    -96.58833 
1128.2487   -93.859089    2.7386703    -96.59776 
1174.1091   -93.859229      2.84999   -96.709219 
1160.5692   -93.858266    2.8171238    -96.67539 
1238.6616   -93.858642    3.0066826   -96.865325 
1166.7926   -93.858514    2.8322303   -96.690745 
1093.7023   -93.858131    2.6548135   -96.512944 
1213.2992   -93.858374    2.9451187   -96.803493 
1219.6062   -93.858868    2.9604282   -96.819296 
1216.9703   -93.859319    2.9540299   -96.813349 
1150.2738   -93.858694    2.7921331   -96.650827 
1161.1281   -93.858969    2.8184805   -96.677449 
  1132.97   -93.858981    2.7501304   -96.609112 
1200.5491   -93.859232    2.9141697   -96.773402 
1221.5828   -93.858408     2.965226   -96.823634 
1170.1845   -93.858818    2.8404637   -96.699281 
1147.7205   -93.858459    2.7859353   -96.644394 
1177.5847   -93.858765    2.8584266   -96.717191 
1196.1004   -93.857943     2.903371   -96.761314 
1197.7158   -93.858472    2.9072922   -96.765764 
1170.1123   -93.858601    2.8402884    -96.69889 
1120.6246   -93.858644    2.7201637   -96.578808 
1127.3385   -93.859244    2.7364609   -96.595704 
1125.4378   -93.858725     2.731847   -96.590572 
1148.6719   -93.859514    2.7882449   -96.647759 
1136.7756   -93.859812    2.7593682    -96.61918 
1071.8593   -93.857478    2.6017926   -96.459271 
1180.7419   -93.858572    2.8660903   -96.724662 
1149.2649   -93.858284    2.7896842   -96.647968 
1102.6862   -93.858343    2.6766208   -96.534964 
1167.2115   -93.858695    2.8332471   -96.691942 
1205.2896   -93.858883    2.9256765    -96.78456 
1154.7467   -93.857753    2.8029905   -96.660744 
 1161.264   -93.858402    2.8188104   -96.677212 
1230.7929   -93.858428    2.9875823    -96.84601 
1134.9302   -93.858066    2.7548887   -96.612955 
 1201.824   -93.858082    2.9172641   -96.775346 
1124.3749    -93.85876    2.7292672   -96.588027 
1131.9823   -93.858605     2.747733   -96.606338 
1138.3378   -93.858358    2.7631601   -96.621518 
1205.4591   -93.858563    2.9260879   -96.784651 
 1121.417   -93.858256    2.7220873   -96.580343 
1182.2039   -93.857942    2.8696391   -96.727581 
1127.1958   -93.858276    2.7361145    -96.59439 
1157.6155   -93.858245     2.809954     -96.6682 
1152.0879   -93.857904    2.7965367   -96.654441 
1197.3965   -93.858133     2.906517    -96.76465 
1088.5212   -93.857054    2.6422372   -96.499291 
1177.1688   -93.858035    2.8574172   -96.715452 
1157.8649   -93.858454    2.8105596   -96.669014 
 1181.999   -93.857822    2.8691418   -96.726964 
1119.1642   -93.857985     2.716619   -96.574603 
1147.4687   -93.857801    2.7853242   -96.643126 
1151.5953   -93.857614    2.7953409   -96.652955 
1162.4938   -93.857317    2.8217956   -96.679113 
1207.7485   -93.857756    2.9316452   -96.789401 
1180.4269   -93.857817    2.8653257   -96.723143 
1135.5971   -93.856989    2.7565074   -96.613497 
 1187.352   -93.857736    2.8821355   -96.739871 
1168.5754   -93.857138    2.8365579   -96.693696 
1155.0249   -93.857425    2.8036657   -96.661091 
1150.1703   -93.857705    2.7918818   -96.649587 
1148.2573   -93.857032    2.7872383    -96.64427 
1121.8087   -93.857521     2.723038   -96.580559 
1173.2353   -93.856989     2.847869   -96.704858 
1182.5133   -93.857506    2.8703903   -96.727896 
1188.8529   -93.856861    2.8857787   -96.742639 
1188.6109   -93.857178    2.8851912   -96.742369 
1142.9177   -93.857619    2.7742772   -96.631896 
 1167.648   -93.857741    2.8343068   -96.692047 
1202.1311   -93.857444    2.9180096   -96.775454 
1177.2099   -93.857397    2.8575168   -96.714914 
 1185.579    -93.85786    2.8778317   -96.735692 
1092.9899   -93.856809    2.6530842   -96.509893 
1221.6395   -93.857248    2.9653638   -96.822612 
